image: map05312.pgm
resolution: 0.050000
origin: [-0.052598, -15.986953, 0.000000]
negate: 0
occupied_thresh: 0.65
free_thresh: 0.196

