image: map20180530.pgm
resolution: 0.050000
origin: [-1.081599, -6.147402, 0.000000]
negate: 0
occupied_thresh: 0.65
free_thresh: 0.196

