image: map2018.pgm
resolution: 0.050000
origin: [-0.034784, -5.403481, 0.000000]
negate: 0
occupied_thresh: 0.65
free_thresh: 0.196

