image: map20180606.pgm
resolution: 0.050000
origin: [-4.884845, -8.572979, 0.000000]
negate: 0
occupied_thresh: 0.65
free_thresh: 0.196

