image: skl302_map_rplidar.pgm
resolution: 0.025000
origin: [-5.000000, -15.400000, 0.000000]
negate: 0
occupied_thresh: 0.65
free_thresh: 0.196

